58.8
36.3
0.7
88.7
5.5
26.1
89.0
1.5
83.3
77.7
38.0
58.4
28.5
70.0
35.1
48.2
8.8
98.1
70.1
5.6
26.9
17.2
78.9
43.2
99.9
58.3
9.3
42.9
49.0
15.7
59.3
35.5
57.4
94.1
35.5
4.0
44.1
64.0
49.8
20.0
51.9
31.6
96.4
73.3
48.1
93.0
38.1
30.3
79.8
73.1
73.7
21.4
16.4
99.6
53.9
50.6
75.7
92.1
12.7
43.7
32.5
57.0
69.2
20.9
77.0
93.1
45.7
51.2
46.0
40.3
73.0
84.3
54.0
97.0
47.8
0.6
90.2
4.6
30.2
75.1
35.6
47.7
9.2
40.0
66.4
72.5
65.3
49.4
42.0
18.9
94.5
73.4
65.5
80.3
47.9
42.0
37.0
5.9
74.6
53.5
